Tier List
Discord
middle
D2+
7
Days
Mode
ARAM
GLOBAL
Average D2+ Win Rate: 51.74%
?

D2+ Champions Analysed: 756,393
?
LoL ARAM Tier List
燼 ARAM Build
A
94%
燼 Build, Runes & Counters for ARAM 燼
P
Q
W
E
R

燼 in ARAM has a 53.67% win rate in D2+ on Patch 7 coming in at rank 40 of 171 and graded A Tier on the LoL Tierlist.

53.67%
Win Rate
2.81%
Pick Rate
A
Tier
?
40 / 171
Rank
0%
Ban Rate
10,612
Games
燼 Build
燼 Leaderboard
燼 ProBuilds
Highest Win Build
Most Common Build
Skill Priority
?
W
Q
E
58.17% Win Rate 251 Games
Summoner Spells
57.77% Win Rate 888 Games
Skill Order
?
Q
1
4
5
7
9
W
2
8
10
12
13
E
3
14
15
R
6
11
54.83% Win Rate 7,496 Games
Primary Runes
Secondary
54.2% Win Rate
7,409 Games
?
Stat Mods
Starting Items




55.25% Win Rate 590 Games
Core Build


57.21%
874


Item 4
62.28%
114
OR
54.54%
3,449
Item 5
56.75%
541
OR
56.08%
2,691
OR
55.04%
1,537
Item 6
61.15%
417
OR
59.68%
310
OR
58.23%
620
LEGEND:
Overall
Diamond+
Emerald
Platinum
Gold
Silver
Bronze
Iron
Max Days
7 Days
14 Days
Today
Smooth
Summoner
Spells
Win Rate
Pick Rate
Games
53.20
72.07
7,648
57.77
8.37
888
55.90
6.3
669
51.49
6.02
639
55.33
3.27
347
48.94
2.68
284
62.07
0.82
87
58.06
0.29
31
37.50
0.08
8
50.00
0.02
2
100.00
0.02
2
50.00
0.02
2
0.00
0.01
1
0.00
0.01
1
0.00
0.01
1
0.00
0.01
1
0.00
0.01
1
Starting Items
Starting Item Sets
Starting
Items Sets
Win Rate
Pick Rate
Games
x 2
53.75
38.8
4,117
54.25
21.49
2,280
55.25
5.56
590
x 2
53.10
5.16
548
54.23
4.34
461
49.89
4.1
435
51.64
2.3
244
53.62
2.21
235
54.38
1.51
160
57.86
1.5
159
57.59
1.49
158
51.67
1.13
120
48.65
1.05
111
51.46
0.97
103
54.29
0.66
70
52.17
0.65
69
49.21
0.59
63
59.02
0.57
61
57.14
0.33
35
Early Items (10 min)
Early Item Sets (10 min)
Early Items
(10 min)
Win Rate
Pick Rate
Games
51.98
85.51
9,074
51.92
83.75
8,888
53.90
78.22
8,301
52.13
71.81
7,620
53.11
62.83
6,667
53.88
43.56
4,623
52.95
42.06
4,463
54.90
34.33
3,643
53.26
30.89
3,278
53.62
23.57
2,501
54.85
21.39
2,270
51.85
20.63
2,189
51.39
17.31
1,837
51.35
16.74
1,776
50.32
16.35
1,735
56.16
11.93
1,266
56.21
7.21
765
53.29
7.16
760
53.52
6.16
654
Sets With
Boots
Exact Item Count
?
Actually Built Sets
?
Extrapolated Sets
?
Combined Sets
?
1
2
3
4
5
1
2
3
4
5
6
2+
3+
4+
5
2+
3+
4+
5+
6
-2
-3
-4
-5
-2
-3
-4
-5
-6
-2+
-3+
-4+
-2+
-3+
-4+
-5+
Win Rate
Pick Rate
Games
51.76
20.08
2,131
57.21
8.24
874
50.20
7.21
765
52.31
4.07
432
55.81
3.65
387
55.67
2.66
282
56.34
2.53
268
49.07
2.02
214
53.08
1.99
211
54.17
1.81
192
54.38
1.51
160
55.46
1.12
119
52.29
1.03
109
52.94
0.96
102
58.42
0.95
101
57.58
0.93
99
52.58
0.91
97
41.30
0.87
92
46.15
0.86
91
Click Items Below to Filter Builds by Item and Item Buy Position
Item
1
Win Rate
Pick Rate
Games
Time
53.46
63.93
6,784
5
54.48
19.65
2,085
4
51.80
4.97
527
5
53.69
4.21
447
5
55.30
3.65
387
4
53.55
1.72
183
5
63.89
0.34
36
4
44.12
0.32
34
6
45.45
0.21
22
4
50.00
0.11
12
4
58.33
0.11
12
5
50.00
0.11
12
5
77.78
0.08
9
6
55.56
0.08
9
4
66.67
0.06
6
6
40.00
0.05
5
5
50.00
0.04
4
3
25.00
0.04
4
5
100.00
0.03
3
5
Boots
Win Rate
Pick Rate
Games
Time
53.19
81.81
8,682
8
58.94
4.43
470
2
52.93
4.18
444
9
55.33
3.27
347
11
No
Boots
54.58
2.78
295
54.77
2.27
241
9
61.42
1.2
127
12
50.00
0.04
4
0.00
0.02
2
20
Item
2
Win Rate
Pick Rate
Games
Time
53.84
42.3
4,489
9
50.46
18.53
1,966
9
54.74
17.89
1,898
9
56.09
9.59
1,018
8
50.00
2.51
266
9
58.14
2.03
215
9
54.39
1.07
114
8
54.02
0.82
87
9
45.12
0.77
82
10
47.44
0.74
78
8
59.18
0.46
49
9
47.73
0.41
44
9
42.86
0.2
21
9
57.14
0.13
14
10
37.50
0.08
8
10
71.43
0.07
7
8
71.43
0.07
7
10
40.00
0.05
5
9
20.00
0.05
5
10
Item
3
Win Rate
Pick Rate
Games
Time
54.54
32.5
3,449
13
53.61
23.91
2,537
13
51.72
16.14
1,713
13
53.85
4.66
494
13
48.75
4.52
480
14
52.55
2.4
255
12
62.28
1.07
114
12
52.53
0.93
99
12
53.06
0.92
98
12
56.84
0.9
95
13
55.00
0.75
80
13
47.62
0.59
63
14
53.33
0.57
60
13
66.67
0.48
51
13
64.71
0.16
17
12
38.46
0.12
13
13
72.73
0.1
11
13
55.56
0.08
9
15
75.00
0.08
8
13
Item
4
Win Rate
Pick Rate
Games
Time
56.08
25.36
2,691
17
55.04
14.48
1,537
17
52.47
9.14
970
17
54.47
5.9
626
17
56.75
5.1
541
18
54.59
1.95
207
17
57.05
1.47
156
17
51.41
1.34
142
17
62.50
1.28
136
17
70.00
0.94
100
16
49.45
0.86
91
17
43.84
0.69
73
16
48.57
0.66
70
17
63.27
0.46
49
17
58.54
0.39
41
17
48.72
0.37
39
16
53.57
0.26
28
18
40.00
0.24
25
17
58.33
0.23
24
16
Item
5
Win Rate
Pick Rate
Games
Time
57.11
11.67
1,238
21
58.23
5.84
620
20
61.15
3.93
417
20
56.23
3.7
393
21
59.68
2.92
310
20
50.44
2.15
228
21
57.49
1.57
167
21
62.09
1.44
153
20
57.14
1.25
133
21
51.04
0.9
96
20
56.32
0.82
87
21
62.82
0.74
78
21
47.30
0.7
74
21
50.68
0.69
73
21
55.74
0.57
61
21
51.61
0.29
31
20
55.56
0.25
27
20
38.10
0.2
21
20
55.56
0.17
18
22
Popular
Items
Win Rate
Pick Rate
Games
Time
53.67
88.83
9,427
6
53.30
83.15
8,824
11
53.78
70.95
7,529
13
54.55
50.88
5,399
16
54.92
23.95
2,542
6
55.73
20.82
2,209
20
54.87
17.33
1,839
9
51.77
13.05
1,385
16
57.90
12.94
1,373
14
55.26
7.71
818
19
56.28
6.53
693
19
52.06
3.89
413
15
51.91
2.96
314
9
55.23
2.61
277
21
51.97
2.39
254
12